Parameter	Lower_CI	Upper_CI	Median_CI
0.00263889	0.0274216	0.0348604	0.031164
0.00527778	0.0265793	0.0341118	0.0303575
0.00791667	0.0258458	0.0332924	0.0295448
0.0105556	0.0258655	0.0333585	0.0295751
0.0131944	0.0251865	0.0325849	0.0288223
0.0158333	0.0245618	0.0318594	0.0281818
0.0184722	0.0243002	0.0316879	0.0279793
0.0211111	0.0238545	0.0311271	0.0274893
0.02375	0.0231586	0.0304587	0.0267318
0.0263889	0.0229477	0.0302033	0.0265415
0.0290278	0.0226932	0.0299125	0.0262088
0.0316667	0.0220998	0.0291326	0.0255521
0.0343056	0.0216405	0.0287038	0.0251204
0.0369444	0.0214264	0.0285197	0.024919
0.0395833	0.0208735	0.0277026	0.0242549
0.0422222	0.0205609	0.027443	0.0239237
0.0448611	0.0199963	0.0269682	0.0233321
0.0475	0.0197393	0.026452	0.0230857
0.0501389	0.0193379	0.0259473	0.022528
0.0527778	0.0191539	0.0257599	0.0223504
0.0554167	0.0186303	0.0250026	0.021745
0.0580556	0.0186781	0.0250557	0.0217406
0.0606944	0.0183291	0.0247988	0.0214648
0.0633333	0.0177161	0.0238594	0.0207033
0.0659722	0.0175489	0.0237379	0.020553
0.0686111	0.0171072	0.0230771	0.0199634
0.07125	0.0166271	0.0225111	0.0195033
0.0738889	0.0166787	0.0225301	0.0194625
0.0765278	0.0161976	0.0219537	0.0188998
0.0791667	0.016019	0.0215363	0.0186337
0.0818056	0.0156754	0.0211252	0.0183285
0.0844444	0.0154034	0.0206437	0.017881
0.0870833	0.0154598	0.0207939	0.0179702
0.0897222	0.0151302	0.0202934	0.0175079
0.0923611	0.0150605	0.0202708	0.0175185
0.095	0.0145108	0.0193643	0.0168074
0.0976389	0.0146406	0.01942	0.0169129
0.100278	0.0143526	0.0190301	0.0165706
0.102917	0.0142613	0.0189691	0.0164427
0.105556	0.014134	0.0187519	0.0162747
0.108194	0.0138295	0.0182591	0.015863
0.110833	0.0137158	0.0178394	0.0156243
0.113472	0.0135273	0.0176668	0.0154714
0.116111	0.0133627	0.0173954	0.0152541
0.11875	0.0132461	0.0172011	0.0150682
0.121389	0.0130765	0.0169369	0.0148566
0.124028	0.0130599	0.0169081	0.0147901
0.126667	0.0129866	0.0166622	0.0147078
0.129306	0.0128762	0.0164537	0.0145276
0.131944	0.0126337	0.01597	0.0141593
0.134583	0.0126087	0.0159917	0.0141779
0.137222	0.0125678	0.0159331	0.0141252
0.139861	0.0125523	0.0157976	0.0140373
0.1425	0.0123068	0.0154362	0.0137436
0.145139	0.0123183	0.0153326	0.0136979
0.147778	0.0122164	0.0152537	0.01363
0.150417	0.0121393	0.0150703	0.0134798
0.153056	0.0120306	0.0148082	0.0133091
0.155694	0.0120578	0.0148077	0.0132802
0.158333	0.0119238	0.0145513	0.0131289
0.160972	0.0119079	0.0145531	0.0131007
0.163611	0.0118819	0.0144533	0.01306
0.16625	0.011801	0.0142402	0.0129085
0.168889	0.0117602	0.0142036	0.0128664
0.171528	0.0115963	0.0139162	0.0126602
0.174167	0.011714	0.014052	0.0127677
0.176806	0.0115706	0.0138712	0.0126364
0.179444	0.0115569	0.0136811	0.0125458
0.182083	0.011442	0.0135717	0.012434
0.184722	0.0113933	0.0135012	0.0123505
0.187361	0.0113874	0.0134342	0.0123426
0.19	0.011314	0.0132786	0.0122423
0.192639	0.0112056	0.0131476	0.0121265
0.195278	0.0111482	0.0131686	0.0120657
0.197917	0.0111329	0.0130198	0.0120145
0.200556	0.0110463	0.0129276	0.011912
0.203194	0.0110666	0.0128971	0.0119265
0.205833	0.01105	0.0127927	0.0118899
0.208472	0.0110493	0.0127373	0.0118468
0.211111	0.0109507	0.0127223	0.0117673
0.21375	0.0109379	0.012586	0.0117252
0.216389	0.0109158	0.0126231	0.0117122
0.219028	0.0108583	0.0125242	0.0116177
0.221667	0.0107127	0.0123167	0.0114668
0.224306	0.0107096	0.0122962	0.0114684
0.226944	0.0106401	0.0121342	0.0113644
0.229583	0.0107014	0.0122367	0.0114263
0.232222	0.010627	0.0121009	0.0113281
0.234861	0.010539	0.0120079	0.0112537
0.2375	0.0105232	0.0119649	0.0112133
0.240139	0.0104878	0.0119269	0.0111866
0.242778	0.010461	0.0118568	0.0111349
0.245417	0.0103947	0.0118455	0.0110856
0.248056	0.0102949	0.0116585	0.0109548
0.250694	0.0102427	0.0116082	0.0109216
0.253333	0.0102169	0.0115799	0.0108747
0.255972	0.0101849	0.0115056	0.0108394
0.258611	0.0101552	0.011463	0.0107799
0.26125	0.0101792	0.0114771	0.0108252
0.263889	0.0100286	0.0113396	0.0106745
0.266528	0.0100084	0.0112743	0.0106303
0.269167	0.00992605	0.0112188	0.0105575
0.271806	0.00991309	0.0111784	0.010533
0.274444	0.00998208	0.0112734	0.0106088
0.277083	0.00983766	0.0110879	0.0104373
0.279722	0.00980683	0.011036	0.0104031
0.282361	0.00973408	0.0109554	0.0103379
0.285	0.00973437	0.0109039	0.0102991
0.287639	0.00963933	0.0108081	0.0102085
0.290278	0.00967406	0.0108537	0.010248
0.292917	0.00964696	0.0108134	0.0102116
0.295556	0.00957513	0.0107284	0.0101359
0.298194	0.00947604	0.0106423	0.0100441
0.300833	0.00948077	0.0106257	0.0100396
0.303472	0.00936762	0.0104947	0.00991921
0.306111	0.00935822	0.0104956	0.00991268
0.30875	0.00934416	0.0104579	0.00989184
0.311389	0.00924152	0.0103419	0.00977949
0.314028	0.00922587	0.0103327	0.00976697
0.316667	0.00917633	0.0102701	0.00969792
0.319306	0.00909536	0.0101787	0.00963888
0.321944	0.00903362	0.0101086	0.00955284
0.324583	0.00902403	0.0100902	0.00954204
0.327222	0.00901039	0.0100825	0.00953196
0.329861	0.00895033	0.0100007	0.00946704
0.3325	0.0089008	0.00994007	0.00941295
0.335139	0.00885801	0.00990644	0.00937505
0.337778	0.00878582	0.00981844	0.00929422
0.340417	0.0087264	0.00973732	0.00921523
0.343056	0.00866336	0.00968507	0.00916392
0.345694	0.00866055	0.0096782	0.00916225
0.348333	0.00861197	0.00958659	0.00909637
0.350972	0.00852305	0.00954123	0.00902199
0.353611	0.00851658	0.00951296	0.00900197
0.35625	0.00849046	0.00946673	0.00898038
0.358889	0.00844566	0.00943807	0.00893812
0.361528	0.00838832	0.0093562	0.008869
0.364167	0.00843246	0.00940883	0.00891118
0.366806	0.0082454	0.00919491	0.0087077
0.369444	0.00829523	0.0092339	0.00875766
0.372083	0.00820267	0.00914894	0.00866151
0.374722	0.00816665	0.00910474	0.0086271
0.377361	0.00810683	0.00902629	0.00855272
0.38	0.00802019	0.00894595	0.00847375
0.382639	0.00797555	0.0089187	0.00844211
0.385278	0.00797056	0.00890025	0.00841751
0.387917	0.00790685	0.00882233	0.00835432
0.390556	0.0078632	0.00876956	0.00831776
0.393194	0.00778801	0.00869746	0.0082387
0.395833	0.00776878	0.00867207	0.00822068
0.398472	0.00772831	0.00863497	0.00817137
0.401111	0.00770867	0.00861001	0.00814738
0.40375	0.00759908	0.00849448	0.0080397
0.406389	0.0075585	0.00842855	0.00798541
0.409028	0.00750168	0.00839592	0.00794104
0.411667	0.00749039	0.0083539	0.00791217
0.414306	0.00739201	0.00827208	0.0078329
0.416944	0.00738857	0.00825225	0.00781769
0.419583	0.00734106	0.00819435	0.00775944
0.422222	0.00727937	0.00812566	0.00769338
0.424861	0.00725751	0.00810661	0.00767821
0.4275	0.00717717	0.00802624	0.00759509
0.430139	0.0071614	0.00801078	0.00757343
0.432778	0.00714398	0.00797772	0.00755076
0.435417	0.00709009	0.00791219	0.00749369
0.438056	0.00707219	0.00788541	0.00747276
0.440694	0.00693959	0.00776179	0.00735112
0.443333	0.0068979	0.00771743	0.00730164
0.445972	0.0068518	0.00765146	0.00724826
0.448611	0.00677124	0.00758148	0.00717708
0.45125	0.00682339	0.00762258	0.00721593
0.453889	0.00670289	0.00752547	0.00711337
0.456528	0.00667385	0.0074664	0.00706406
0.459167	0.00664742	0.00745281	0.00704652
0.461806	0.00656264	0.00734789	0.00694816
0.464444	0.00651346	0.00729551	0.0069008
0.467083	0.00645967	0.00723404	0.00684083
0.469722	0.00642094	0.00720948	0.00680093
0.472361	0.00636998	0.00715659	0.00675378
0.475	0.0063299	0.00709949	0.00670944
0.477639	0.00628764	0.0070439	0.00665976
0.480278	0.00624738	0.0070087	0.00661738
0.482917	0.00618752	0.00693865	0.00656231
0.485556	0.0061319	0.00688771	0.00650212
0.488194	0.0060998	0.00686086	0.00647156
0.490833	0.00604753	0.00679588	0.00641447
0.493472	0.00597759	0.00670678	0.00634185
0.496111	0.00594233	0.00668818	0.00631694
0.49875	0.00591034	0.00664571	0.00626517
0.501389	0.00584305	0.00657705	0.00620688
0.504028	0.00582841	0.00655159	0.00618937
0.506667	0.00576735	0.0064864	0.00611767
0.509306	0.00571864	0.00643078	0.00606827
0.511944	0.00566077	0.00637629	0.00601059
0.514583	0.00563065	0.00632355	0.00597652
0.517222	0.00556987	0.00627639	0.00591404
0.519861	0.00555217	0.00625857	0.0058958
0.5225	0.00548042	0.00618602	0.00583301
0.525139	0.00541034	0.00609531	0.00575215
0.527778	0.00535772	0.00604833	0.00570092
0.530417	0.00532894	0.00602165	0.00566678
0.533056	0.00524585	0.00594659	0.00559108
0.535694	0.00521963	0.00591421	0.00556025
0.538333	0.0051856	0.00586049	0.00552219
0.540972	0.00510982	0.00579716	0.00544763
0.543611	0.0050775	0.00575805	0.00541334
0.54625	0.00504945	0.00572126	0.00538334
0.548889	0.00502257	0.00570276	0.00535717
0.551528	0.00495111	0.00561449	0.00527822
0.554167	0.00493883	0.00560298	0.00526285
0.556806	0.00487007	0.00554031	0.00519621
0.559444	0.00478483	0.00544079	0.00510569
0.562083	0.00477898	0.00542933	0.00510066
0.564722	0.0047194	0.00535271	0.00503212
0.567361	0.00466912	0.00529338	0.0049784
0.57	0.00460363	0.00523147	0.00491088
0.572639	0.00458558	0.00521165	0.004893
0.575278	0.00451496	0.00513191	0.00481666
0.577917	0.00445833	0.00509025	0.0047675
0.580556	0.00440905	0.00504173	0.0047291
0.583194	0.00438702	0.00499368	0.00468937
0.585833	0.00433617	0.00493887	0.00462702
0.588472	0.00429405	0.00491781	0.00460347
0.591111	0.00425977	0.00486243	0.00455544
0.59375	0.00418168	0.00478884	0.00448579
0.596389	0.0041683	0.00476919	0.00446228
0.599028	0.00409271	0.00469542	0.00439208
0.601667	0.00406348	0.0046614	0.00435987
0.604306	0.00403775	0.00462327	0.00432857
0.606944	0.00396923	0.00456133	0.00426003
0.609583	0.00391472	0.00449874	0.0042013
0.612222	0.00387259	0.00445147	0.00415124
0.614861	0.00379456	0.00437862	0.00408619
0.6175	0.00376366	0.00433695	0.00405236
0.620139	0.00372615	0.00429612	0.00400619
0.622778	0.00367829	0.00423874	0.00395577
0.625417	0.00365106	0.00419766	0.00392107
0.628056	0.00359736	0.00415537	0.00387693
0.630694	0.0035709	0.0041264	0.00384795
0.633333	0.00350331	0.00405888	0.003776
0.635972	0.00345051	0.00399137	0.00372086
0.638611	0.00341116	0.00396735	0.00368305
0.64125	0.00337109	0.0039146	0.00363326
0.643889	0.00332758	0.00386502	0.00358949
0.646528	0.00328147	0.00381354	0.00354253
0.649167	0.00325223	0.00377765	0.00350938
0.651806	0.00317184	0.00369932	0.00343322
0.654444	0.00313147	0.00366125	0.00339372
0.657083	0.00310043	0.00361715	0.00335238
0.659722	0.00306928	0.00358017	0.00332141
0.662361	0.00298709	0.00349809	0.00324071
0.665	0.00295957	0.00347228	0.00320971
0.667639	0.00293184	0.00344046	0.00318341
0.670278	0.00286024	0.00336091	0.00310652
0.672917	0.00284915	0.00334552	0.00309845
0.675556	0.00278034	0.00327377	0.00302568
0.678194	0.00275601	0.00323818	0.0029946
0.680833	0.00270922	0.0032027	0.00295898
0.683472	0.00264523	0.00313052	0.00288367
0.686111	0.00260011	0.00307426	0.00283143
0.68875	0.00256611	0.00304031	0.00280195
0.691389	0.0025287	0.00300728	0.0027624
0.694028	0.00246122	0.00292348	0.00268615
0.696667	0.00244453	0.00291036	0.00267572
0.699306	0.00239947	0.00286595	0.0026319
0.701944	0.00236415	0.00283166	0.00259247
0.704583	0.00230308	0.00275947	0.0025317
0.707222	0.00227519	0.00272759	0.00249427
0.709861	0.00223182	0.00267278	0.00244578
0.7125	0.00219102	0.00263649	0.00241314
0.715139	0.0021586	0.00259439	0.00237534
0.717778	0.00209094	0.00252062	0.00230195
0.720417	0.00203931	0.00246674	0.00225404
0.723056	0.00203225	0.00244969	0.00223395
0.725694	0.0019893	0.00240514	0.00219123
0.728333	0.0019484	0.00236548	0.00215585
0.730972	0.0019017	0.00230867	0.00209898
0.733611	0.00186666	0.00226247	0.00205995
0.73625	0.0018189	0.00222542	0.00201826
0.738889	0.00178454	0.00218652	0.00198038
0.741528	0.00173422	0.00212659	0.00192623
0.744167	0.00170427	0.00209682	0.00189635
0.746806	0.00167577	0.00207216	0.00186899
0.749444	0.00162096	0.00201041	0.00181349
0.752083	0.00159586	0.00196933	0.00177757
0.754722	0.00154065	0.00191464	0.00172301
0.757361	0.00151916	0.00189187	0.00170103
0.76	0.00147011	0.00183	0.00164707
0.762639	0.00144814	0.00181138	0.00162428
0.765278	0.00138425	0.00173965	0.00155892
0.767917	0.00136761	0.00172334	0.00154051
0.770556	0.00133678	0.00167566	0.00150334
0.773194	0.00128862	0.00162655	0.00145336
0.775833	0.00124552	0.00158143	0.00141077
0.778472	0.00122722	0.00156128	0.00138865
0.781111	0.00119949	0.00153621	0.00136085
0.78375	0.00115327	0.00147738	0.00131238
0.786389	0.00114109	0.00146545	0.00129605
0.789028	0.00108593	0.00140919	0.00123994
0.791667	0.00105163	0.00136211	0.00120516
0.794306	0.00102402	0.00132419	0.00116954
0.796944	0.000999914	0.00129603	0.00114268
0.799583	0.000968195	0.00126616	0.00111154
0.802222	0.000926206	0.00122104	0.00106906
0.804861	0.000913549	0.00119606	0.0010493
0.8075	0.000864546	0.0011455	0.00100051
0.810139	0.00083729	0.00111518	0.000972749
0.812778	0.000811145	0.00108733	0.000947831
0.815417	0.000773182	0.00104037	0.000902012
0.818056	0.000751047	0.00102066	0.0008833
0.820694	0.000721323	0.00097719	0.000846369
0.823333	0.00069613	0.000949903	0.000820305
0.825972	0.000678922	0.000925548	0.000796884
0.828611	0.000628714	0.000865863	0.000745972
0.83125	0.000617068	0.000857845	0.000735083
0.833889	0.000598704	0.000828733	0.000709573
0.836528	0.000567946	0.000796195	0.000678829
0.839167	0.000542027	0.000766865	0.000651249
0.841806	0.000518139	0.000740617	0.000624624
0.844444	0.000489475	0.000699821	0.000591377
0.847083	0.000472127	0.000682102	0.000573447
0.849722	0.000448683	0.000654218	0.000548674
0.852361	0.000431213	0.000632349	0.000528004
0.855	0.00040503	0.000601314	0.000498722
0.857639	0.000394232	0.000579453	0.000483644
0.860278	0.000372745	0.000559425	0.000462976
0.862917	0.000349909	0.000525387	0.000433425
0.865556	0.000335532	0.000509386	0.000419314
0.868194	0.000310926	0.0004736	0.000388428
0.870833	0.000296442	0.000459601	0.00037579
0.873472	0.000280653	0.000441345	0.000357376
0.876111	0.000260728	0.000413052	0.000331741
0.87875	0.00024697	0.00039763	0.000318948
0.881389	0.000235452	0.000378282	0.000302242
0.884028	0.000217508	0.000356617	0.000283156
0.886667	0.000200835	0.000335193	0.000264462
0.889306	0.000193407	0.000325286	0.000256116
0.891944	0.000179392	0.000302899	0.000236683
0.894583	0.000167821	0.000293105	0.000226827
0.897222	0.000153744	0.000268474	0.00020864
0.899861	0.000143577	0.000257489	0.000196968
0.9025	0.000134421	0.000240726	0.000184831
0.905139	0.000127632	0.000232821	0.000175981
0.907778	0.000115197	0.000214689	0.000161258
0.910417	0.000106971	0.000205452	0.000152536
0.913056	9.78652e-05	0.000190112	0.000141146
0.915694	9.10979e-05	0.000177834	0.00013038
0.918333	8.21655e-05	0.000164616	0.000120174
0.920972	7.56048e-05	0.000153614	0.000110981
0.923611	6.77247e-05	0.00014021	0.000100125
0.92625	6.68651e-05	0.00013827	9.88549e-05
0.928889	5.94976e-05	0.000127225	8.99745e-05
0.931528	5.42045e-05	0.000118264	8.29828e-05
0.934167	5.06974e-05	0.000110934	7.71419e-05
0.936806	4.3036e-05	9.68357e-05	6.61911e-05
0.939444	4.1532e-05	9.29163e-05	6.33747e-05
0.942083	3.82344e-05	8.62643e-05	5.87232e-05
0.944722	3.47612e-05	7.87461e-05	5.34145e-05
0.947361	3.27501e-05	7.38997e-05	5.0117e-05
0.95	2.89623e-05	6.57784e-05	4.43126e-05
