Parameter	Lower_CI	Upper_CI	Median_CI
0.00222222	2.39802e-05	7.58874e-05	4.74452e-05
0.00444444	5.97568e-05	0.000131211	9.20323e-05
0.00666667	9.85966e-05	0.000187039	0.000140439
0.00888889	0.000137805	0.000244836	0.000187259
0.0111111	0.000174561	0.000290933	0.000228983
0.0133333	0.00021768	0.000343688	0.000277678
0.0155556	0.000254795	0.000392555	0.00032115
0.0177778	0.000285721	0.00043061	0.000355427
0.02	0.000335526	0.000495058	0.000410852
0.0222222	0.00036762	0.000531643	0.000447165
0.0244444	0.000398521	0.000570175	0.000482297
0.0266667	0.000452322	0.000633932	0.000539766
0.0288889	0.000488459	0.000678396	0.000578499
0.0311111	0.00053453	0.00072836	0.000628092
0.0333333	0.000567476	0.000767471	0.00066522
0.0355556	0.000608233	0.000817125	0.000709799
0.0377778	0.000649905	0.000867816	0.000755474
0.04	0.000694223	0.000917185	0.00080228
0.0422222	0.000730414	0.000960362	0.000843405
0.0444444	0.000773112	0.00100887	0.000890195
0.0466667	0.000814425	0.00106004	0.000934416
0.0488889	0.000853408	0.0011034	0.000973432
0.0511111	0.000893511	0.00115068	0.00101905
0.0533333	0.00094443	0.00119854	0.00107009
0.0555556	0.000981863	0.00125237	0.00111595
0.0577778	0.00101964	0.0012894	0.00115151
0.06	0.00106342	0.00133705	0.00119848
0.0622222	0.00110466	0.0013864	0.00124086
0.0644444	0.00115083	0.0014316	0.0012872
0.0666667	0.00119807	0.00148286	0.00133823
0.0688889	0.00123094	0.00152894	0.00137725
0.0711111	0.0012635	0.0015634	0.00141139
0.0733333	0.00130716	0.00161016	0.00145846
0.0755556	0.00136844	0.00167814	0.00152031
0.0777778	0.00140437	0.00171401	0.00155801
0.08	0.00142974	0.00175639	0.00159272
0.0822222	0.00148014	0.00179148	0.00163218
0.0844444	0.00151637	0.00183645	0.00167348
0.0866667	0.00156524	0.00189929	0.00173076
0.0888889	0.00161884	0.00195016	0.0017793
0.0911111	0.00164855	0.0019918	0.00182041
0.0933333	0.0016789	0.00202621	0.00184448
0.0955556	0.00173161	0.00208765	0.00190874
0.0977778	0.0017752	0.00212584	0.00194689
0.1	0.00181445	0.00217241	0.0019899
0.102222	0.00184349	0.0022038	0.00201821
0.104444	0.00190111	0.00226078	0.00207928
0.106667	0.00194512	0.00230928	0.00212336
0.108889	0.00198851	0.00235745	0.00216586
0.111111	0.00201309	0.00238968	0.00219896
0.113333	0.00206963	0.00246148	0.00226014
0.115556	0.00211324	0.00249514	0.00230005
0.117778	0.00216196	0.00255219	0.002352
0.12	0.00219301	0.00258105	0.00238164
0.122222	0.00224122	0.00262561	0.00242992
0.124444	0.00226627	0.00266426	0.00246247
0.126667	0.00232853	0.00273043	0.00252162
0.128889	0.00235212	0.00274941	0.00254638
0.131111	0.00239313	0.00280018	0.00259281
0.133333	0.0024646	0.00287677	0.0026694
0.135556	0.00249883	0.00291365	0.00270076
0.137778	0.00254702	0.00295939	0.0027474
0.14	0.00258999	0.00301581	0.00279884
0.142222	0.00263027	0.00305077	0.00283931
0.144444	0.00267219	0.00310958	0.00288528
0.146667	0.00268997	0.00312395	0.00290381
0.148889	0.00273369	0.00317464	0.00294822
0.151111	0.00278406	0.00321921	0.0029956
0.153333	0.00281601	0.00326321	0.00303693
0.155556	0.00287507	0.00332315	0.00309346
0.157778	0.00290493	0.00335992	0.00313102
0.16	0.0029599	0.0034107	0.00317763
0.162222	0.00296976	0.00341557	0.00319077
0.164444	0.00302693	0.00349057	0.00325449
0.166667	0.00307074	0.00352358	0.0032902
0.168889	0.00311995	0.00360016	0.00335593
0.171111	0.0031452	0.00361188	0.00337449
0.173333	0.00319089	0.00367015	0.00342583
0.175556	0.0032351	0.00371892	0.00347361
0.177778	0.00327502	0.00375763	0.00351529
0.18	0.00330696	0.00379137	0.00354607
0.182222	0.00335689	0.00384129	0.00359561
0.184444	0.00341855	0.00389833	0.00365717
0.186667	0.00342942	0.00391108	0.00366901
0.188889	0.00349858	0.00399057	0.00374049
0.191111	0.00351734	0.00401222	0.00376078
0.193333	0.00354395	0.00404848	0.00379214
0.195556	0.00363062	0.00413506	0.00387854
0.197778	0.00362945	0.00413337	0.00387402
0.2	0.00366267	0.00418241	0.00391873
0.202222	0.00373345	0.00424532	0.00399006
0.204444	0.00377639	0.00429689	0.00403328
0.206667	0.00382178	0.00433986	0.00407783
0.208889	0.00385615	0.00437774	0.00411256
0.211111	0.00394022	0.00447364	0.00420165
0.213333	0.0039418	0.00446908	0.00420176
0.215556	0.00397258	0.00450165	0.00423594
0.217778	0.0040142	0.00454688	0.00427849
0.22	0.00404718	0.00459004	0.00431323
0.222222	0.00410276	0.00462697	0.00436416
0.224444	0.00414662	0.00468576	0.00441191
0.226667	0.00418544	0.00472403	0.00444905
0.228889	0.00424184	0.00478323	0.004509
0.231111	0.00427246	0.00481098	0.00454102
0.233333	0.00431742	0.00486051	0.00458395
0.235556	0.00435913	0.0049213	0.00463353
0.237778	0.0043814	0.00493951	0.00465788
0.24	0.00441763	0.00498129	0.00469734
0.242222	0.00447512	0.00503174	0.00475029
0.244444	0.00450719	0.00507405	0.00479196
0.246667	0.00455203	0.00512248	0.00483553
0.248889	0.00460089	0.00516863	0.00488434
0.251111	0.00463279	0.00520243	0.00491113
0.253333	0.00469518	0.00527471	0.00498326
0.255556	0.0047192	0.00531001	0.00501177
0.257778	0.00474876	0.00534118	0.00504722
0.26	0.00480205	0.00540046	0.00509624
0.262222	0.00485468	0.00543836	0.0051418
0.264444	0.00488998	0.00549679	0.00519633
0.266667	0.00491794	0.0055115	0.00521308
0.268889	0.00497612	0.00558524	0.00527944
0.271111	0.00502721	0.00562467	0.00531468
0.273333	0.00502693	0.00563386	0.00532455
0.275556	0.00505257	0.00566019	0.00535514
0.277778	0.00512528	0.00573895	0.00542593
0.28	0.00515868	0.00577618	0.00545862
0.282222	0.00517409	0.00579797	0.00548503
0.284444	0.00522091	0.00583523	0.00552784
0.286667	0.00529217	0.00592899	0.00560117
0.288889	0.00532941	0.00595563	0.00563516
0.291111	0.0053709	0.00600122	0.00567975
0.293333	0.00537477	0.00600872	0.00568947
0.295556	0.00542004	0.00605931	0.00573752
0.297778	0.00549189	0.00613027	0.00580332
0.3	0.00550707	0.00614549	0.0058268
0.302222	0.00554687	0.00619848	0.00586809
0.304444	0.00557016	0.00622113	0.00589137
0.306667	0.00565844	0.00631465	0.00597606
0.308889	0.00568967	0.00634151	0.00600977
0.311111	0.00573198	0.00639345	0.00605931
0.313333	0.0057425	0.00640624	0.00607066
0.315556	0.00578199	0.00643319	0.00609924
0.317778	0.00584971	0.00650796	0.00616829
0.32	0.00588416	0.00656162	0.00621424
0.322222	0.00590129	0.00657476	0.00622968
0.324444	0.00597158	0.00662963	0.0062925
0.326667	0.00598629	0.0066571	0.00631597
0.328889	0.00598203	0.0066568	0.00631399
0.331111	0.00604536	0.00674307	0.00638656
0.333333	0.00609889	0.00678626	0.00643811
0.335556	0.00612705	0.00680722	0.00645926
0.337778	0.0061974	0.00688523	0.00654237
0.34	0.00621489	0.00691501	0.00656299
0.342222	0.00623897	0.00693281	0.00657803
0.344444	0.00631381	0.00702962	0.00666738
0.346667	0.00632215	0.0070288	0.00667446
0.348889	0.00636905	0.00707109	0.00671718
0.351111	0.00639813	0.00710296	0.00674354
0.353333	0.00643472	0.00715614	0.006794
0.355556	0.00650475	0.00722234	0.00686082
0.357778	0.00652766	0.00725057	0.00688206
0.36	0.00658216	0.00730879	0.00694563
0.362222	0.00659565	0.00733667	0.00695643
0.364444	0.00664067	0.0073648	0.0069938
0.366667	0.00670368	0.00743386	0.00706377
0.368889	0.00666511	0.00741365	0.00703828
0.371111	0.00673076	0.00747069	0.00709124
0.373333	0.00680114	0.00754187	0.00716272
0.375556	0.00684945	0.00759798	0.00722052
0.377778	0.00682592	0.00756871	0.00719711
0.38	0.00688334	0.00764511	0.00725899
0.382222	0.00694482	0.00770878	0.00732541
0.384444	0.00697316	0.00771842	0.00733819
0.386667	0.00697708	0.00773956	0.00735341
0.388889	0.00703867	0.0078031	0.00741835
0.391111	0.00707181	0.00783955	0.00745733
0.393333	0.00709071	0.00786599	0.00746828
0.395556	0.00716968	0.00792565	0.00753713
0.397778	0.00720299	0.007992	0.00758936
0.4	0.00720056	0.00798362	0.00759033
0.402222	0.00722186	0.00799261	0.00760531
0.404444	0.00727475	0.00806727	0.00767558
0.406667	0.00732963	0.00811937	0.0077221
0.408889	0.00736015	0.00815504	0.00775557
0.411111	0.00739615	0.00819996	0.00779627
0.413333	0.00739855	0.00820589	0.00779785
0.415556	0.00746569	0.00827273	0.00786068
0.417778	0.00751251	0.00833336	0.00791654
0.42	0.00755143	0.00835725	0.00794733
0.422222	0.00754856	0.0083771	0.00795834
0.424444	0.0075994	0.00841913	0.00800447
0.426667	0.00762752	0.00845627	0.00803638
0.428889	0.00767617	0.0085233	0.00809597
0.431111	0.00772814	0.00857049	0.0081288
0.433333	0.00777375	0.00862453	0.00819433
0.435556	0.00779265	0.00863717	0.00820727
0.437778	0.00785252	0.00868645	0.00825987
0.44	0.00785382	0.00870367	0.00826486
0.442222	0.00791952	0.0087792	0.00834543
0.444444	0.00796248	0.00882103	0.00838149
0.446667	0.00800915	0.00888881	0.00843956
0.448889	0.00799705	0.00886663	0.00842848
0.451111	0.00800704	0.00888868	0.00844417
0.453333	0.00809097	0.0089737	0.00852805
0.455556	0.00813796	0.00901972	0.00856953
0.457778	0.00813457	0.00902705	0.00857914
0.46	0.00817951	0.00906956	0.00861651
0.462222	0.00820211	0.00910898	0.00864573
0.464444	0.00824526	0.00916036	0.00868957
0.466667	0.00830437	0.0092178	0.00875206
0.468889	0.00831579	0.00921663	0.00875492
0.471111	0.00831353	0.00923403	0.00876425
0.473333	0.00835618	0.00926933	0.00880525
0.475556	0.00842015	0.00933311	0.00887111
0.477778	0.00842306	0.00933787	0.00886746
0.48	0.00850949	0.00944003	0.00896678
0.482222	0.0085405	0.00948787	0.00901043
0.484444	0.00856445	0.00951415	0.00901931
0.486667	0.00858456	0.0095351	0.00904486
0.488889	0.00866513	0.00963964	0.00913423
0.491111	0.00868317	0.00963537	0.00915541
0.493333	0.00864882	0.00959878	0.00912087
0.495556	0.00867631	0.00964047	0.0091538
0.497778	0.00881556	0.00980046	0.0092933
0.5	0.00876095	0.00973945	0.00923117
0.502222	0.00882404	0.00981295	0.00931134
0.504444	0.00884713	0.00981979	0.00931458
0.506667	0.00888063	0.00985687	0.00936055
0.508889	0.00894659	0.00995358	0.00943912
0.511111	0.00897336	0.00997023	0.00946404
0.513333	0.00893724	0.00991844	0.00941556
0.515556	0.00898991	0.0100162	0.00949461
0.517778	0.00908524	0.0100973	0.00957901
0.52	0.00905036	0.0100649	0.00955064
0.522222	0.00907522	0.0100851	0.00955961
0.524444	0.0091257	0.0101812	0.00964285
0.526667	0.00918876	0.0102244	0.00969687
0.528889	0.00919184	0.0102311	0.00971535
0.531111	0.00922858	0.0102775	0.00973969
0.533333	0.00931656	0.0103942	0.00983596
0.535556	0.00929854	0.0103741	0.00981879
0.537778	0.00936116	0.0104602	0.00988913
0.54	0.00937717	0.0104352	0.00989203
0.542222	0.0093955	0.0104462	0.00991717
0.544444	0.00939541	0.0104905	0.0099283
0.546667	0.00944013	0.0105261	0.00997314
0.548889	0.00952424	0.0106302	0.0100724
0.551111	0.00954815	0.0106432	0.0100892
0.553333	0.00956895	0.0106707	0.0101048
0.555556	0.00952241	0.0106474	0.0100727
0.557778	0.00962367	0.010753	0.0101752
0.56	0.00965541	0.0107899	0.0102123
0.562222	0.00968845	0.0108468	0.0102567
0.564444	0.00970655	0.0108599	0.010273
0.566667	0.0096975	0.0108708	0.0102652
0.568889	0.00974709	0.0109061	0.0103225
0.571111	0.00983539	0.0110169	0.0104091
0.573333	0.00983125	0.0110136	0.0104181
0.575556	0.00990591	0.0110701	0.0104887
0.577778	0.00984532	0.011058	0.0104395
0.58	0.00990495	0.0110979	0.0104704
0.582222	0.0099589	0.0111781	0.0105542
0.584444	0.0099614	0.0111759	0.0105464
0.586667	0.0099799	0.0112345	0.0105837
0.588889	0.00995312	0.0111987	0.0105514
0.591111	0.0100601	0.0113221	0.0106689
0.593333	0.0100948	0.0113532	0.0107026
0.595556	0.0101548	0.0114124	0.0107719
0.597778	0.0101313	0.0113984	0.0107379
0.6	0.010149	0.0114317	0.0107674
0.602222	0.0101908	0.0115129	0.010827
0.604444	0.0102671	0.0115591	0.0108957
0.606667	0.0102491	0.0115943	0.0109057
0.608889	0.0103047	0.0116142	0.0109389
0.611111	0.010347	0.0116612	0.0109902
0.613333	0.0103514	0.0116814	0.0109971
0.615556	0.0104212	0.0117498	0.0110624
0.617778	0.010471	0.0118429	0.0111333
0.62	0.0104303	0.0117633	0.0110833
0.622222	0.0104003	0.0118533	0.0110777
0.624444	0.0105018	0.011902	0.0111729
0.626667	0.0105258	0.0119358	0.0111998
0.628889	0.0105124	0.011957	0.0111937
0.631111	0.0105421	0.0119835	0.0112407
0.633333	0.0106087	0.0120722	0.01131
0.635556	0.0106513	0.0121815	0.0113725
0.637778	0.0107124	0.0121913	0.0114162
0.64	0.0106922	0.0122054	0.0114051
0.642222	0.010734	0.0122466	0.0114641
0.644444	0.0107163	0.0122266	0.011433
0.646667	0.0107827	0.0123321	0.0115326
0.648889	0.0107848	0.012344	0.011532
0.651111	0.0107955	0.0123847	0.0115563
0.653333	0.0108503	0.0124898	0.011607
0.655556	0.0108743	0.0125509	0.0116601
0.657778	0.0109265	0.0126402	0.0117187
0.66	0.0109506	0.0126536	0.0117292
0.662222	0.0109145	0.0125722	0.0116936
0.664444	0.0109679	0.0127045	0.0117745
0.666667	0.0109731	0.0127172	0.0117911
0.668889	0.0110365	0.0128282	0.0118491
0.671111	0.0110366	0.0126422	0.0118083
0.673333	0.0110894	0.0128453	0.0119112
0.675556	0.0111892	0.0130483	0.0120305
0.677778	0.0112284	0.0130374	0.0120809
0.68	0.0112244	0.0130393	0.0120787
0.682222	0.0113023	0.0132572	0.012192
0.684444	0.0112817	0.0132446	0.0121677
0.686667	0.0112231	0.0131764	0.0121254
0.688889	0.0112703	0.0131594	0.0121389
0.691111	0.0113943	0.0134079	0.0123134
0.693333	0.0113511	0.0133402	0.0122877
0.695556	0.0113541	0.0134038	0.0122978
0.697778	0.0113319	0.0133523	0.012285
0.7	0.011422	0.0135518	0.0124001
0.702222	0.0113892	0.0135069	0.0123534
0.704444	0.0114273	0.0135226	0.0123815
0.706667	0.0115166	0.0136285	0.0124726
0.708889	0.0115978	0.0138111	0.0126151
0.711111	0.0115269	0.0138335	0.0125689
0.713333	0.011631	0.0139011	0.0126694
0.715556	0.0115585	0.013931	0.0126295
0.717778	0.0116631	0.0141036	0.0127549
0.72	0.0116974	0.0141237	0.0128
0.722222	0.0117745	0.0142641	0.012889
0.724444	0.0117238	0.0142217	0.0128677
0.726667	0.0117574	0.0142031	0.0128629
0.728889	0.0117818	0.0142913	0.0129403
0.731111	0.0119164	0.0144779	0.0131003
0.733333	0.0118876	0.0144486	0.0130544
0.735556	0.0119305	0.0146397	0.0131533
0.737778	0.0120032	0.0146218	0.0132008
0.74	0.0120064	0.0147609	0.0132407
0.742222	0.0121031	0.0149482	0.013399
0.744444	0.0120953	0.0149871	0.013389
0.746667	0.0120901	0.0150236	0.0134202
0.748889	0.0121098	0.0149629	0.0134204
0.751111	0.0121723	0.0151345	0.0135441
0.753333	0.0122479	0.015194	0.0136143
0.755556	0.0122373	0.0152395	0.0136223
0.757778	0.0122945	0.0152127	0.0136276
0.76	0.0124225	0.0157071	0.013883
0.762222	0.0124685	0.0155884	0.0139157
0.764444	0.0125322	0.0156891	0.0139881
0.766667	0.0125226	0.0157036	0.0139777
0.768889	0.0126214	0.0159968	0.0141735
0.771111	0.0124924	0.0158685	0.0140399
0.773333	0.0126528	0.0159714	0.0141604
0.775556	0.0127592	0.0162992	0.0143676
0.777778	0.0127494	0.016124	0.014283
0.78	0.0127084	0.0162075	0.0143283
0.782222	0.0128794	0.0164599	0.01452
0.784444	0.0129953	0.0166665	0.0146935
0.786667	0.0130903	0.0168868	0.01482
0.788889	0.013058	0.0169389	0.0148475
0.791111	0.0131332	0.0171175	0.0149757
0.793333	0.0132222	0.0171318	0.0150506
0.795556	0.0134254	0.0174328	0.0153033
0.797778	0.013297	0.0172785	0.0150929
0.8	0.0132997	0.0172652	0.0151682
