Parameter	Lower_CI	Upper_CI	Median_CI
0.0555556	0.0123055	0.0179032	0.0150051
0.111111	0.0090963	0.0141566	0.0114803
0.166667	0.00646363	0.0107383	0.00837959
0.222222	0.00486365	0.00834289	0.00643591
0.277778	0.00353076	0.00601465	0.00461451
0.333333	0.00279024	0.00478719	0.00358737
0.388889	0.00231762	0.00380484	0.0029051
0.444444	0.00193353	0.00313013	0.00238351
0.5	0.0017261	0.00269208	0.00210034
0.555556	0.00154944	0.00224355	0.0018517
0.611111	0.00139365	0.00198564	0.00165948
0.666667	0.00127154	0.00185358	0.00151553
0.722222	0.00117829	0.00166036	0.00140174
0.777778	0.00111179	0.00155405	0.00132203
0.833333	0.00101502	0.00141638	0.00120909
0.888889	0.000980065	0.00136155	0.00116192
0.944444	0.000932997	0.00128726	0.00110124
1	0.000886886	0.00123064	0.00105017
1.05556	0.00085458	0.0011834	0.00101146
1.11111	0.000820252	0.00112216	0.000963228
1.16667	0.000791811	0.0010935	0.000935543
1.22222	0.000758215	0.00104151	0.000895041
1.27778	0.000739523	0.00101212	0.000871401
1.33333	0.000723693	0.000992536	0.000850711
1.38889	0.00070006	0.000959684	0.000824085
1.44444	0.000674518	0.000923067	0.000795453
1.5	0.000667831	0.000918126	0.000785797
1.55556	0.000645342	0.000882862	0.000760517
1.61111	0.000632882	0.000868779	0.000745109
1.66667	0.00062382	0.000849761	0.000731199
1.72222	0.000618473	0.000846198	0.000731384
1.77778	0.000602749	0.00081745	0.000706639
1.83333	0.000595108	0.000815504	0.000701805
1.88889	0.000587174	0.000802325	0.000689533
1.94444	0.000574598	0.000785212	0.000674689
2	0.000568112	0.000777452	0.000669688
2.05556	0.000566578	0.000768806	0.000664291
2.11111	0.000552504	0.000757662	0.000652112
2.16667	0.000559694	0.000761529	0.000656717
2.22222	0.000549579	0.000743923	0.000643008
2.27778	0.000548094	0.000742008	0.000639743
2.33333	0.00053492	0.000724929	0.000626194
2.38889	0.000536364	0.000735291	0.000630937
2.44444	0.000526583	0.000718423	0.000619187
2.5	0.000515501	0.000701729	0.000606212
2.55556	0.000516789	0.000698897	0.000602762
2.61111	0.000519698	0.000698587	0.000605324
2.66667	0.00051045	0.000694933	0.000601043
2.72222	0.000499003	0.000677379	0.000585492
2.77778	0.000499715	0.000677882	0.000585854
2.83333	0.000489143	0.000668025	0.000575766
2.88889	0.000495583	0.000674143	0.000579203
2.94444	0.000495773	0.000669952	0.000579429
3	0.000490334	0.000660102	0.000571219
3.05556	0.000491348	0.000663451	0.000575289
3.11111	0.000476714	0.000645309	0.000557846
3.16667	0.000480886	0.00065071	0.000562362
3.22222	0.000473105	0.000640987	0.000553678
3.27778	0.000469131	0.000637343	0.000549788
3.33333	0.000476696	0.000644051	0.000557069
3.38889	0.000468573	0.000631518	0.000548744
3.44444	0.000466862	0.000633407	0.000546267
3.5	0.000467105	0.000631851	0.000544715
3.55556	0.000458798	0.000621781	0.000537514
3.61111	0.000454068	0.000614147	0.000531351
3.66667	0.000455547	0.000618627	0.000533486
3.72222	0.000453412	0.00061066	0.00053041
3.77778	0.000450341	0.000611784	0.000527262
3.83333	0.000448501	0.000607572	0.000523218
3.88889	0.000446503	0.000603002	0.000522712
3.94444	0.000445551	0.000603299	0.00052044
4	0.000442653	0.000599115	0.000518276
4.05556	0.000439577	0.000595665	0.000514924
4.11111	0.000438687	0.000595222	0.000513616
4.16667	0.000444483	0.000599623	0.000519332
4.22222	0.000438637	0.000593167	0.000513263
4.27778	0.000438346	0.000594114	0.000513031
4.33333	0.000435183	0.000588838	0.000508184
4.38889	0.000432901	0.000583289	0.000504984
4.44444	0.000433977	0.000585272	0.000507371
4.5	0.000428727	0.000579038	0.000501005
4.55556	0.000428788	0.00058147	0.000502929
4.61111	0.000429583	0.00057972	0.000501405
4.66667	0.000428089	0.000579595	0.000501311
4.72222	0.000425442	0.000576968	0.000498333
4.77778	0.000418277	0.000570884	0.000492204
4.83333	0.00042689	0.000577225	0.000499041
4.88889	0.00041753	0.000567393	0.000490036
4.94444	0.000421842	0.00057238	0.000494373
5	0.000418594	0.000568549	0.000492138
5.05556	0.00041696	0.000562451	0.000486098
5.11111	0.000419261	0.000567211	0.000491778
5.16667	0.000418712	0.000565061	0.000489411
5.22222	0.000419529	0.000563972	0.000489939
5.27778	0.000412768	0.000560455	0.000485998
5.33333	0.000406759	0.000550137	0.000475931
5.38889	0.000407427	0.000549519	0.000475356
5.44444	0.000407883	0.000551571	0.00047735
5.5	0.000407391	0.000550206	0.000476216
5.55556	0.000410095	0.000555339	0.00048039
5.61111	0.000404875	0.000549327	0.000474797
5.66667	0.000409711	0.000549966	0.000475301
5.72222	0.000413473	0.000557303	0.000483376
5.77778	0.00040455	0.000547823	0.000474117
5.83333	0.000410169	0.000556164	0.000481329
5.88889	0.000394347	0.000535954	0.000462155
5.94444	0.000405769	0.000548846	0.000474972
6	0.000398324	0.000540949	0.000465439
6.05556	0.0003937	0.000534016	0.000460905
6.11111	0.000397841	0.000536916	0.000465061
6.16667	0.000396759	0.000539189	0.000465157
6.22222	0.000395232	0.000533259	0.000460975
6.27778	0.000399192	0.000537325	0.000465538
6.33333	0.000398501	0.000541006	0.000466087
6.38889	0.000399355	0.000539538	0.000464751
6.44444	0.000394749	0.000535328	0.000463284
6.5	0.000393036	0.000534065	0.000460922
6.55556	0.000396318	0.000532629	0.000462131
6.61111	0.000392333	0.000527783	0.000457395
6.66667	0.000397408	0.000535113	0.000464548
6.72222	0.000386048	0.000524503	0.000453746
6.77778	0.000389795	0.000527376	0.000455976
6.83333	0.000393003	0.00052957	0.000459264
6.88889	0.000384527	0.000521922	0.000449627
6.94444	0.000380328	0.000516254	0.000445419
7	0.000387679	0.000520566	0.000450635
7.05556	0.000381979	0.000516293	0.000447118
7.11111	0.000384437	0.000519531	0.000450143
7.16667	0.00038452	0.000520961	0.000450357
7.22222	0.000386495	0.000523408	0.000453437
7.27778	0.000383613	0.000521716	0.000449618
7.33333	0.000384506	0.00052051	0.000449161
7.38889	0.000378879	0.000513765	0.000443215
7.44444	0.000369887	0.000499315	0.000433282
7.5	0.00038297	0.000515239	0.000446917
7.55556	0.000377303	0.000510815	0.00044185
7.61111	0.000374633	0.000505626	0.000438914
7.66667	0.000379286	0.000515375	0.000445695
7.72222	0.000377468	0.000511644	0.000442125
7.77778	0.000376527	0.000509868	0.000441465
7.83333	0.000379412	0.000510616	0.000443215
7.88889	0.000373514	0.000506477	0.000438568
7.94444	0.00037284	0.000508395	0.000437864
8	0.000376829	0.000506542	0.000439805
8.05556	0.000373179	0.000505757	0.0004367
8.11111	0.000375707	0.000508377	0.000440627
8.16667	0.00036862	0.000499219	0.000431333
8.22222	0.000372595	0.000504234	0.000436455
8.27778	0.000368988	0.00050121	0.000434169
8.33333	0.00036848	0.000496257	0.000430806
8.38889	0.000370864	0.000500944	0.000433022
8.44444	0.000369969	0.000503039	0.000434304
8.5	0.000371611	0.000501309	0.000434173
8.55556	0.00036324	0.000493281	0.00042598
8.61111	0.00036979	0.000498595	0.000430639
8.66667	0.000364262	0.000490115	0.000424326
8.72222	0.000362098	0.000492775	0.000425193
8.77778	0.000363817	0.000492557	0.000426236
8.83333	0.000366539	0.000494261	0.000427843
8.88889	0.000364031	0.000492899	0.000425626
8.94444	0.000359731	0.000488266	0.000422051
9	0.000363168	0.000490194	0.000424107
9.05556	0.000361441	0.000488531	0.000421686
9.11111	0.000359979	0.000486936	0.000421529
9.16667	0.000365437	0.000494738	0.000428991
9.22222	0.000362902	0.000489112	0.000423684
9.27778	0.000363218	0.000489735	0.00042418
9.33333	0.00036126	0.00048785	0.000422217
9.38889	0.000357647	0.000484106	0.000418202
9.44444	0.000353406	0.000479114	0.000414468
9.5	0.000356715	0.000485178	0.00041877
9.55556	0.000359998	0.000487206	0.000421713
9.61111	0.000360412	0.000485331	0.000421501
9.66667	0.000357208	0.000482299	0.000417331
9.72222	0.000356156	0.000481848	0.00041702
9.77778	0.000356242	0.000484852	0.000417517
9.83333	0.000354534	0.000478869	0.000416209
9.88889	0.000357212	0.000480551	0.000415513
9.94444	0.000355119	0.000478581	0.000414448
10	0.000355606	0.000480307	0.000415511
10.0556	0.000357017	0.000483312	0.000418494
10.1111	0.000355034	0.000482173	0.000415577
10.1667	0.00035363	0.000478342	0.000413496
10.2222	0.000354325	0.000476587	0.000412724
10.2778	0.000355073	0.000479841	0.000414924
10.3333	0.00035303	0.000477288	0.000412659
10.3889	0.000353342	0.000478946	0.000414031
10.4444	0.000350656	0.000473377	0.000409903
10.5	0.000354725	0.000483079	0.000416333
10.5556	0.000352972	0.000480498	0.000413584
10.6111	0.000352917	0.000474513	0.000411352
10.6667	0.00034909	0.000472743	0.0004096
10.7222	0.000352886	0.000477239	0.00041321
10.7778	0.000351773	0.000475454	0.000410386
10.8333	0.000348691	0.000471772	0.000408423
10.8889	0.000344289	0.000467161	0.000403143
10.9444	0.000349475	0.000474653	0.000409015
11	0.000345013	0.000466332	0.000403494
11.0556	0.00034431	0.000466841	0.000404662
11.1111	0.000346847	0.000467298	0.000404795
11.1667	0.00034643	0.000469237	0.000406218
11.2222	0.000346175	0.00046758	0.000404928
11.2778	0.000344005	0.000465595	0.000402066
11.3333	0.000350616	0.000473503	0.000409828
11.3889	0.000344728	0.000463215	0.000402765
11.4444	0.000347452	0.000469401	0.000406301
11.5	0.000346018	0.000468774	0.000405508
11.5556	0.000344108	0.000465081	0.000402223
11.6111	0.000342505	0.000463852	0.000401678
11.6667	0.000345293	0.000465201	0.000402472
11.7222	0.000348268	0.000469843	0.00040576
11.7778	0.000336783	0.000454013	0.000393928
11.8333	0.000344261	0.000462263	0.000401378
11.8889	0.000342198	0.000465786	0.000402566
11.9444	0.000337836	0.000457353	0.000395772
12	0.000347547	0.000468007	0.000405744
12.0556	0.000334827	0.000454617	0.000392006
12.1111	0.000341384	0.000461943	0.000400178
12.1667	0.000345407	0.000465753	0.000402129
12.2222	0.000339656	0.000459204	0.000397369
12.2778	0.000339758	0.000458551	0.000397737
12.3333	0.000339046	0.000458027	0.00039648
12.3889	0.000341241	0.000459399	0.000398059
12.4444	0.000339088	0.000458797	0.000397125
12.5	0.000341148	0.00046038	0.000398101
12.5556	0.000335473	0.000456679	0.000394773
12.6111	0.000335475	0.000452017	0.000391209
12.6667	0.000329499	0.000447445	0.000387117
12.7222	0.000340252	0.000462273	0.000399773
12.7778	0.000333693	0.000449987	0.00039004
12.8333	0.000331348	0.00045019	0.000388645
12.8889	0.000338226	0.000456586	0.000395105
12.9444	0.000334262	0.000452103	0.000391422
13	0.000333504	0.00045118	0.000390704
13.0556	0.000337603	0.000456714	0.000394001
13.1111	0.000337052	0.000455319	0.000394453
13.1667	0.000336403	0.000455771	0.000394389
13.2222	0.00033494	0.000450986	0.000389505
13.2778	0.000332854	0.000450748	0.00039069
13.3333	0.000331599	0.000448557	0.000387223
13.3889	0.000333922	0.000450649	0.000390238
13.4444	0.000335221	0.000453147	0.000391948
13.5	0.000333255	0.00044856	0.000389386
13.5556	0.000330569	0.000448344	0.000386477
13.6111	0.000333443	0.000449634	0.000389301
13.6667	0.000330135	0.00044839	0.000387672
13.7222	0.00033313	0.00045075	0.000390447
13.7778	0.000328579	0.000446757	0.000385371
13.8333	0.000327892	0.00044533	0.000383755
13.8889	0.000325897	0.000445519	0.000383455
13.9444	0.000329207	0.000446035	0.000384995
14	0.000332381	0.000449043	0.000388527
14.0556	0.000330936	0.000448751	0.00038905
14.1111	0.000327533	0.000441346	0.000382397
14.1667	0.000330583	0.000446262	0.000386601
14.2222	0.000323848	0.00043651	0.00037831
14.2778	0.000324623	0.000441106	0.000381455
14.3333	0.000327529	0.000444804	0.000383258
14.3889	0.000329454	0.000444009	0.000384191
14.4444	0.000327758	0.000441587	0.000383284
14.5	0.000326647	0.000441894	0.000382958
14.5556	0.000329155	0.000443741	0.00038455
14.6111	0.000325089	0.000441093	0.000380949
14.6667	0.000326522	0.000442857	0.000382538
14.7222	0.000324983	0.000441897	0.000380206
14.7778	0.000324157	0.000438591	0.000379464
14.8333	0.000330296	0.000442512	0.000383798
14.8889	0.000323186	0.000438584	0.000379331
14.9444	0.000326821	0.00044349	0.00038233
15	0.000322662	0.000434842	0.000376531
15.0556	0.000326321	0.000438612	0.000380962
15.1111	0.000326051	0.000442034	0.000382393
15.1667	0.000327928	0.000442562	0.000382165
15.2222	0.000325867	0.00044226	0.000382032
15.2778	0.000323655	0.000436191	0.000379509
15.3333	0.000319735	0.000432166	0.000374404
15.3889	0.000321355	0.000432643	0.000375287
15.4444	0.00032821	0.000441199	0.000383568
15.5	0.000326211	0.000438573	0.000380862
15.5556	0.000323159	0.000438973	0.000379141
15.6111	0.000321034	0.000432367	0.000376128
15.6667	0.000314408	0.000425205	0.00036775
15.7222	0.000321984	0.000436098	0.000377758
15.7778	0.000317962	0.000432511	0.000372178
15.8333	0.000323438	0.000435901	0.000378731
15.8889	0.000319376	0.000431348	0.000372329
15.9444	0.000317734	0.000431007	0.000372707
16	0.000321472	0.000432698	0.000375767
16.0556	0.000320459	0.000434712	0.000374882
16.1111	0.000321031	0.000433466	0.0003757
16.1667	0.0003199	0.000436008	0.00037621
16.2222	0.000322571	0.000435681	0.000376264
16.2778	0.000323401	0.000435711	0.000377597
16.3333	0.000317772	0.000429821	0.000371875
16.3889	0.000319901	0.000431248	0.000373795
16.4444	0.000317049	0.000430091	0.000371003
16.5	0.000317058	0.000429528	0.000371303
16.5556	0.000318723	0.00043166	0.000371854
16.6111	0.000315735	0.000429932	0.000371233
16.6667	0.000319116	0.000431907	0.00037309
16.7222	0.000319489	0.000429536	0.000373088
16.7778	0.000317866	0.000431515	0.000373306
16.8333	0.000318581	0.000431171	0.000372081
16.8889	0.000317152	0.000430146	0.000371933
16.9444	0.000312911	0.000427091	0.000368003
17	0.000316202	0.000427315	0.000370253
17.0556	0.000312619	0.000423747	0.000366793
17.1111	0.000312524	0.000421823	0.000363944
17.1667	0.000314679	0.000425797	0.000367876
17.2222	0.000319445	0.000432574	0.000374293
17.2778	0.000314455	0.000424956	0.000367205
17.3333	0.000317268	0.000426555	0.000370306
17.3889	0.000318691	0.000431833	0.000373234
17.4444	0.000317606	0.000429122	0.000371508
17.5	0.000312825	0.000421844	0.000365151
17.5556	0.000314914	0.000426341	0.000368418
17.6111	0.000313636	0.000423168	0.000366739
17.6667	0.000313205	0.000425153	0.000365736
17.7222	0.000313832	0.000423495	0.00036667
17.7778	0.000307138	0.000419041	0.000359458
17.8333	0.000310123	0.000421378	0.000364324
17.8889	0.000315313	0.000426173	0.000368654
17.9444	0.000305177	0.000415633	0.000357671
18	0.000310634	0.000420217	0.00036241
18.0556	0.000310236	0.000420671	0.000364362
18.1111	0.000311234	0.000421031	0.000364287
18.1667	0.0003089	0.000421162	0.000363331
18.2222	0.000311511	0.000422261	0.000364313
18.2778	0.00031139	0.000423038	0.000364704
18.3333	0.000308647	0.000417228	0.000360547
18.3889	0.000309623	0.000418132	0.000362964
18.4444	0.000311893	0.000419027	0.000363142
18.5	0.000313071	0.000422845	0.000366134
18.5556	0.000311223	0.000422558	0.000364684
18.6111	0.000302723	0.000412141	0.000355881
18.6667	0.000307976	0.000417832	0.000361848
18.7222	0.000304116	0.000414416	0.000357506
18.7778	0.000306709	0.000415939	0.000360604
18.8333	0.00030731	0.00041874	0.000361421
18.8889	0.00030465	0.000413738	0.000356957
18.9444	0.000310042	0.000417386	0.000361274
19	0.000309805	0.000420143	0.000363515
19.0556	0.000306549	0.000414447	0.000359067
19.1111	0.00030668	0.000413173	0.000357632
19.1667	0.000306127	0.000414415	0.000357921
19.2222	0.00030735	0.000413426	0.000359025
19.2778	0.000311767	0.000422451	0.000365249
19.3333	0.000306678	0.000415883	0.00035951
19.3889	0.000307866	0.000415756	0.000360863
19.4444	0.00030812	0.000419254	0.000361381
19.5	0.000303047	0.000410632	0.000353986
19.5556	0.000306663	0.000414357	0.000358762
19.6111	0.000307089	0.000415074	0.000358385
19.6667	0.000304948	0.000415027	0.000358601
19.7222	0.000303888	0.000413234	0.000355571
19.7778	0.000302743	0.000411592	0.000355784
19.8333	0.000305984	0.000413838	0.000357707
19.8889	0.000304419	0.000410898	0.000355253
19.9444	0.000304356	0.000412163	0.000356524
20	0.000306232	0.000412578	0.000358061
