Parameter	Lower_CI	Upper_CI	Median_CI
1	3.89115e-06	5.25347e-06	4.55373e-06
2	3.40827e-05	4.61528e-05	3.98493e-05
3	0.000134877	0.000182144	0.000157823
4	0.00040873	0.000557325	0.000481467
5	0.00138655	0.0048055	0.00264703
6	0.0243205	0.0333289	0.0287987
7	0.0299016	0.0337855	0.0318352
8	0.0304226	0.032516	0.0314463
9	0.0305523	0.0322644	0.0313848
10	0.0306912	0.0327056	0.0316101
11	0.0343174	0.0403764	0.0371346
12	0.0532737	0.0624091	0.0578495
13	0.0608264	0.0672399	0.0640352
14	0.0617086	0.0660031	0.0638293
15	0.0618906	0.0654697	0.0635984
16	0.0625211	0.0665135	0.0643836
17	0.0675554	0.0741719	0.0707342
18	0.0816537	0.0905089	0.0861281
19	0.0913454	0.0987523	0.0949832
20	0.0932392	0.0991699	0.0961889
21	0.0937574	0.0987835	0.0962556
22	0.0947917	0.100114	0.0973675
23	0.0994517	0.106431	0.102844
24	0.110813	0.119685	0.115185
25	0.120894	0.129013	0.124947
26	0.124518	0.131386	0.127984
27	0.125655	0.131779	0.128671
28	0.126988	0.133153	0.129996
29	0.130961	0.138175	0.134451
30	0.140053	0.148817	0.144365
31	0.150584	0.159255	0.154856
32	0.155725	0.163426	0.159572
33	0.156995	0.164007	0.160446
34	0.158956	0.165644	0.162225
35	0.162021	0.169552	0.165752
36	0.16949	0.178317	0.173824
37	0.179442	0.188683	0.184089
38	0.185304	0.193836	0.189539
39	0.188393	0.196072	0.192238
40	0.189971	0.197433	0.19365
41	0.19257	0.200266	0.196453
42	0.199362	0.208339	0.203776
43	0.208482	0.217838	0.213014
44	0.215873	0.224954	0.220302
45	0.21887	0.227181	0.223012
46	0.221168	0.229118	0.225141
47	0.224309	0.232476	0.22836
48	0.229114	0.23823	0.233625
49	0.237426	0.247447	0.24245
50	0.244897	0.2544	0.249688
51	0.24997	0.258945	0.254424
52	0.252466	0.261191	0.256819
53	0.254832	0.263697	0.259257
54	0.259668	0.268991	0.264192
55	0.266563	0.276522	0.271567
56	0.274377	0.284476	0.279435
57	0.279815	0.289554	0.284637
58	0.282948	0.292456	0.287652
59	0.285988	0.295183	0.290621
60	0.289028	0.298701	0.293922
61	0.295911	0.306415	0.301188
62	0.303571	0.313873	0.308726
63	0.310109	0.32035	0.315161
64	0.313121	0.323108	0.318012
65	0.316183	0.32584	0.320934
66	0.319499	0.329675	0.324555
67	0.325587	0.336034	0.330752
68	0.332749	0.343702	0.338212
69	0.339906	0.350488	0.345312
70	0.343812	0.354558	0.349176
71	0.347344	0.357699	0.352572
72	0.35024	0.360705	0.355421
73	0.355316	0.366466	0.360917
74	0.362287	0.373778	0.368
75	0.368721	0.380111	0.374371
76	0.37392	0.385109	0.379412
77	0.377371	0.388429	0.382942
78	0.380418	0.391625	0.386011
79	0.384975	0.396479	0.390693
80	0.391754	0.403707	0.39775
81	0.398255	0.410248	0.404281
82	0.404023	0.415945	0.409951
83	0.407906	0.419626	0.413731
84	0.410731	0.422323	0.416399
85	0.414957	0.426583	0.420787
86	0.421023	0.433032	0.427036
87	0.427627	0.440152	0.433882
88	0.433477	0.445698	0.439654
89	0.438045	0.450248	0.44415
90	0.441464	0.453854	0.447732
91	0.44491	0.457198	0.45117
92	0.449812	0.462587	0.456217
93	0.45724	0.470124	0.463724
94	0.463478	0.476461	0.469955
95	0.467803	0.480473	0.47412
96	0.471235	0.484367	0.47784
97	0.47503	0.487918	0.481404
98	0.479451	0.492483	0.48607
99	0.486389	0.49979	0.493123
100	0.49275	0.506143	0.499485
101	0.49854	0.511939	0.505161
102	0.501886	0.515245	0.508625
103	0.505398	0.518871	0.51215
104	0.509763	0.523238	0.516532
105	0.515768	0.529815	0.522667
106	0.522605	0.53686	0.529588
107	0.527057	0.541508	0.534283
108	0.531801	0.545966	0.538916
109	0.535259	0.549382	0.542351
110	0.540114	0.554453	0.547182
111	0.545379	0.560141	0.55295
112	0.551587	0.566071	0.558841
113	0.557207	0.572132	0.564624
114	0.562024	0.576819	0.569508
115	0.565661	0.58064	0.573278
116	0.569883	0.584879	0.577376
117	0.574624	0.589728	0.582064
118	0.581949	0.597048	0.589345
119	0.586835	0.602457	0.594549
120	0.591383	0.607012	0.599259
121	0.596053	0.611602	0.603683
122	0.599623	0.614854	0.607101
123	0.604849	0.620545	0.612803
124	0.610604	0.626377	0.618443
125	0.616698	0.63269	0.624754
126	0.621642	0.637892	0.629748
127	0.625855	0.641902	0.633837
128	0.629654	0.64569	0.637732
129	0.634483	0.650708	0.642713
130	0.640038	0.656369	0.648316
131	0.645947	0.662681	0.654281
132	0.651602	0.668352	0.659882
133	0.65598	0.672599	0.664428
134	0.660371	0.677064	0.668627
135	0.663835	0.680809	0.672158
136	0.669321	0.686287	0.677734
137	0.675156	0.692536	0.684013
138	0.681319	0.698768	0.690148
139	0.68627	0.703209	0.694698
140	0.688922	0.705763	0.697318
141	0.693473	0.710454	0.702109
142	0.6987	0.716613	0.707753
143	0.70486	0.722546	0.713885
144	0.711201	0.729378	0.72035
145	0.715586	0.733313	0.724442
146	0.720422	0.738339	0.72911
147	0.723085	0.741024	0.73219
148	0.728231	0.746748	0.737583
149	0.733991	0.752172	0.743024
150	0.741221	0.759545	0.750252
151	0.744773	0.763579	0.754281
152	0.749433	0.767948	0.758599
153	0.754015	0.772693	0.763463
154	0.757333	0.776306	0.766765
155	0.763047	0.782152	0.772626
156	0.769805	0.789409	0.779616
157	0.775618	0.794733	0.785052
158	0.78025	0.799184	0.789809
159	0.784274	0.803564	0.793916
160	0.78794	0.807442	0.797703
161	0.793141	0.812811	0.802899
162	0.798853	0.818956	0.808917
163	0.804837	0.824633	0.814758
164	0.810122	0.82994	0.819881
165	0.813949	0.833608	0.82402
166	0.81823	0.838453	0.828287
167	0.823807	0.84365	0.833879
168	0.828955	0.849489	0.839066
169	0.834596	0.855088	0.844819
170	0.840264	0.860359	0.850355
171	0.843387	0.863982	0.853748
172	0.847438	0.868364	0.85794
173	0.852149	0.872511	0.862342
174	0.858799	0.880273	0.869473
175	0.862821	0.883994	0.873502
176	0.869013	0.890245	0.879525
177	0.873396	0.894886	0.88404
178	0.877595	0.89861	0.888053
179	0.882479	0.903931	0.893483
180	0.888632	0.910395	0.899415
181	0.893331	0.915319	0.904359
182	0.898775	0.920545	0.909734
183	0.903116	0.925312	0.914258
184	0.906614	0.928932	0.917718
185	0.912582	0.934846	0.923823
186	0.918052	0.940009	0.92926
187	0.923175	0.945168	0.934236
188	0.929141	0.951318	0.940116
189	0.932852	0.955445	0.944236
190	0.938438	0.961302	0.950006
191	0.942915	0.965779	0.954152
192	0.947101	0.969891	0.958315
193	0.951504	0.974805	0.963251
194	0.958469	0.980808	0.969572
195	0.963408	0.986572	0.974863
196	0.968401	0.991428	0.979653
197	0.971866	0.994851	0.983317
198	0.977154	1.0005	0.988891
199	0.98156	1.00525	0.993369
200	0.98787	1.01177	0.999963
201	0.992397	1.01665	1.00462
202	0.998293	1.02171	1.0102
203	1.00199	1.02591	1.01387
204	1.0063	1.03075	1.01843
205	1.01197	1.03695	1.02451
206	1.0171	1.04176	1.02962
207	1.02252	1.0476	1.03486
208	1.02863	1.05311	1.04064
209	1.03192	1.0568	1.04432
210	1.03484	1.05982	1.04732
211	1.04083	1.06562	1.0532
212	1.04644	1.07139	1.05897
213	1.05315	1.07879	1.06589
214	1.05709	1.08245	1.06976
215	1.06193	1.08713	1.07445
216	1.06675	1.09179	1.07921
217	1.06977	1.09517	1.08251
218	1.07612	1.10196	1.08887
219	1.08177	1.10752	1.09473
220	1.08671	1.1124	1.09954
221	1.09221	1.1182	1.10532
222	1.09581	1.12144	1.10861
223	1.10189	1.12765	1.11472
224	1.10509	1.13187	1.11854
225	1.11158	1.13841	1.12507
226	1.11627	1.14372	1.12984
227	1.12259	1.14953	1.13617
228	1.12562	1.15287	1.13925
229	1.13095	1.15774	1.14434
230	1.13553	1.16221	1.14883
231	1.14143	1.16863	1.1551
232	1.14671	1.1739	1.16023
233	1.15159	1.17951	1.16538
234	1.15465	1.18167	1.16825
235	1.15947	1.18661	1.17309
236	1.16455	1.19264	1.17857
237	1.17005	1.19774	1.18389
238	1.17578	1.20382	1.18988
239	1.18037	1.20834	1.19451
240	1.18617	1.2146	1.20026
241	1.18931	1.21769	1.20359
242	1.19419	1.2229	1.20864
243	1.19908	1.22781	1.2135
244	1.20564	1.23431	1.21985
245	1.20978	1.23881	1.2242
246	1.21624	1.24521	1.23082
247	1.21956	1.24823	1.23397
248	1.22377	1.25316	1.23847
249	1.23034	1.25951	1.2448
250	1.2334	1.26207	1.24777
251	1.24045	1.26972	1.25524
252	1.24463	1.27424	1.2595
253	1.25108	1.28042	1.26547
254	1.25381	1.28333	1.26856
255	1.25827	1.28901	1.27392
256	1.26571	1.29461	1.28031
257	1.27031	1.29993	1.28512
258	1.27561	1.30584	1.29076
259	1.27798	1.30824	1.29323
260	1.28308	1.31357	1.29836
261	1.28901	1.32023	1.30477
262	1.29357	1.32482	1.30922
263	1.29997	1.33012	1.31508
264	1.30378	1.33485	1.31913
265	1.30869	1.33964	1.32427
266	1.31438	1.34509	1.32953
267	1.31754	1.34834	1.33307
268	1.32272	1.3548	1.33863
269	1.32824	1.35935	1.34378
270	1.33414	1.36535	1.34958
271	1.34047	1.37168	1.35576
272	1.34335	1.37497	1.35921
273	1.34692	1.3794	1.36339
274	1.35291	1.38405	1.36853
275	1.35754	1.38982	1.37378
276	1.36489	1.39727	1.38093
277	1.36843	1.401	1.3847
278	1.37335	1.40558	1.38965
279	1.37764	1.41033	1.3936
280	1.38269	1.41526	1.39884
281	1.38885	1.42132	1.40487
282	1.39281	1.42542	1.40897
283	1.39794	1.43069	1.41444
284	1.4023	1.4357	1.41906
285	1.40743	1.44052	1.42363
286	1.41392	1.44661	1.43023
287	1.41578	1.44984	1.43294
288	1.42371	1.45798	1.44109
289	1.42802	1.4611	1.44454
290	1.43328	1.46717	1.4503
291	1.43688	1.47028	1.45337
292	1.44329	1.47726	1.46036
293	1.44803	1.4816	1.46464
294	1.45235	1.48636	1.4694
295	1.45867	1.49258	1.47584
296	1.46172	1.49579	1.47865
297	1.46684	1.50161	1.48419
298	1.47069	1.50581	1.48804
299	1.47602	1.51036	1.49346
300	1.48227	1.51703	1.49965
301	1.4868	1.52198	1.50456
302	1.49119	1.52619	1.50863
303	1.49653	1.53249	1.51466
304	1.5016	1.53638	1.5192
305	1.50729	1.54235	1.52464
306	1.5118	1.54705	1.52886
307	1.51769	1.55311	1.53557
308	1.52255	1.55861	1.54079
309	1.5271	1.56212	1.54467
310	1.53218	1.56799	1.55011
311	1.53735	1.57285	1.55496
312	1.54176	1.57717	1.55948
313	1.54581	1.58152	1.56337
314	1.55077	1.58719	1.569
315	1.55753	1.593	1.57555
316	1.56085	1.59615	1.57832
317	1.56464	1.60082	1.58283
318	1.57103	1.60655	1.58876
319	1.57622	1.61182	1.59397
320	1.58069	1.61696	1.59927
321	1.58606	1.62152	1.60364
322	1.58958	1.62585	1.60787
323	1.59334	1.6294	1.61136
324	1.59948	1.63564	1.61769
325	1.60614	1.64079	1.62365
326	1.60729	1.64303	1.62539
327	1.61327	1.64877	1.63115
328	1.61797	1.65374	1.63595
329	1.62087	1.65612	1.63919
330	1.62672	1.66151	1.64434
331	1.63147	1.66663	1.64938
332	1.6363	1.67082	1.65421
333	1.64102	1.67495	1.65815
334	1.64371	1.67721	1.66074
335	1.64588	1.67952	1.66291
336	1.65012	1.68376	1.66734
337	1.65711	1.68942	1.67352
338	1.65933	1.69191	1.67599
339	1.66429	1.69582	1.68028
340	1.66813	1.69909	1.68385
341	1.67086	1.70166	1.68682
342	1.67352	1.70383	1.68927
343	1.67781	1.70728	1.69304
344	1.67925	1.70872	1.69432
345	1.68426	1.71359	1.69952
346	1.68486	1.71358	1.69951
347	1.68794	1.71584	1.70218
348	1.69112	1.71858	1.70525
349	1.69339	1.72055	1.70733
350	1.6936	1.72084	1.70783
351	1.69675	1.72291	1.71036
352	1.69722	1.72333	1.71067
353	1.69903	1.72457	1.71211
354	1.6988	1.72469	1.71235
355	1.7012	1.727	1.71459
356	1.70182	1.7273	1.71497
357	1.70269	1.72776	1.71558
358	1.70044	1.72644	1.71411
359	1.70247	1.72762	1.71545
360	1.70323	1.72789	1.71605
